0
-5
-95
0
-1
-18
-156
-889
-3750
-12257
-30579
-49012
19650
0
7
70
378
1480
4738
13236
33588
79484
178497
384890
803521
1634944
3262849
6429232
12594266
0
-4
-83
0
4
31
145
525
1618
4454
11254
26539
59075
125231
254845
501857
964571
1826074
3437324
6490188
12378006
0
13
85
336
1041
2783
6729
15103
31960
64414
124578
232737
422936
753725
1330244
2351041
4207628
7693787
0
5
56
353
1664
6550
22726
71581
208383
567834
1463387
3599731
0
2
45
510
3935
23413
0
5
38
157
487
1306
3270
7926
18754
43131
95884
205591
425630
853330
1662637
3158700
5867073
10676772
0
3
28
152
640
2330
7691
23510
67270
181506
464862
1137413
2675484
6086479
0
-2
-18
-84
-279
-738
-1620
-2931
-3964
-1780
12685
64308
217241
630019
1680901
4244259
10283237
0
9
178
1855
0
15
161
944
3999
13676
40053
104203
246978
543528
1128001
2238032
4300410
8105975
0
9
81
402
1463
4398
11704
28911
68562
159529
368030
843136
1911453
4266935
9338755
0
3
34
204
868
2981
9014
25817
74148
218941
657972
1961362
0
-4
-33
-148
-474
-1190
-2370
-3327
-511
18385
89482
308595
912425
2455543
0
9
136
1104
6407
29858
119000
421788
1364714
0
2
54
0
15
76
231
558
1214
2571
5544
12311
27788
62508
138075
297348
623394
1274865
2552374
5023652
9760452
18788181
0
1
17
148
903
4407
18497
69752
242751
792320
0
14
152
912
4002
14361
44717
125279
323503
783216
1800456
3968511
8453319
17515563
0
-1
-21
-216
-1445
0
15
100
398
1224
3208
7537
16355
33394
64910
120978
217150
376392
631122
1025314
1617966
2494588
3809858
0
-4
-27
-96
-215
-218
662
4866
18915
58407
157811
388849
893911
1945361
4048819
8120177
15785046
0
9
146
1257
7647
36936
150951
543340
1770685
0
4
82
882
6623
38993
0
8
107
767
3912
15922
55061
168476
469781
1222250
0
5
103
0
1
27
355
3122
0
15
127
609
2190
6610
17773
44091
103097
230213
494912
1029862
2082977
4110835
7949473
15135393
0
9
164
1572
10546
55591
245108
0
6
56
292
1131
3656
10506
27886
70018
168721
393372
891141
1965535
4225233
8858862
18132100
0
-1
-11
-62
-233
-617
-959
1059
16476
88359
366938
0
4
63
525
3087
14439
57541
0
8
60
253
795
2091
4909
10700
22188
44442
86905
167531
321758
622443
1223785
2455686
5020379
10390397
0
11
166
1344
7749
35655
139191
478852
1489486
4266825
0
-4
-67
-586
-3551
-16678
-64298
0
-4
-51
-351
-1727
-6790
-22614
-66065
-173150
-413343
-908152
-1849504
0
-4
-50
-330
-1512
-5316
-14879
-32602
-48010
4772
370738
0
15
259
2377
15415
79267
343983
0
9
59
228
688
1802
4309
9668
20686
42629
85105
165133
312095
576144
1044320
1876046
3388392
6265362
0
7
76
462
2083
7781
25484
75591
207166
531566
1289226
2977916
6593768
14079879
0
12
212
1973
12862
65927
0
7
0
-4
-55
-404
-2108
-8769
-30959
-96463
-272354
-709682
-1727910
0
11
79
323
1002
2663
6502
15224
34969
79392
177997
392852
851866
1814708
3802248
7846932
15967013
0
-5
-27
-79
-147
-131
258
1670
5406
13930
31838
67805
138601
277363
550491
1092217
2176595
4371653
8878134
0
-1
-6
32
680
5505
30946
138864
0
-2
-5
29
272
1241
4218
12096
31169
75060
173436
391281
871285
1926796
4245336
9332838
0
-1
-8
-24
34
745
4615
20219
72829
229558
655671
1736184
4332264
10313365
0
-1
-5
7
199
1332
6097
22585
72642
211010
567789
1440654
3492351
0
1
13
73
286
920
2620
6884
17122
40985
95332
216402
479875
1039442
2200334
4560631
9288107
0
15
172
1082
4937
18250
57946
163801
422369
1011354
2280806
4902943
10155418
0
-4
-26
-68
20
999
5441
20588
64965
183626
483317
1213071
2946220
6982634
0
9
49
155
366
715
1254
2202
4401
10455
27298
71631
180897
434527
993504
2171461
4558593
9232801
18115769
0
2
38
375
2571
13797
61852
241305
842462
2685705
0
-2
-22
-112
-268
473
8311
49896
217751
790191
0
-1
-6
-14
11
231
1154
4155
12806
36514
100569
272895
731343
1922942
4919212
0
8
79
430
1701
5465
15154
37724
86776
188807
396468
817544
1678641
3463934
7213450
0
14
0
7
85
561
2677
10355
34489
102545
278543
701975
1658837
3702817
7846943
0
3
47
375
2063
8861
31777
99164
276830
704956
1661165
3661386
7610963
0
-2
-35
-323
-2089
-10612
-44975
-164845
0
-3
-22
-76
-153
-98
656
3671
12690
35933
90348
209151
454633
938942
1856178
3529425
6476399
11498980
0
3
70
0
13
151
965
4493
17038
55809
163625
439569
1099821
2593491
5815671
12488722
0
14
98
395
1209
3145
7403
16405
35096
73564
152212
311830
632916
1271956
2527720
4959001
9588977
0
-1
-10
-23
299
3797
0
10
223
0
-5
-61
-399
-1845
-6709
-20197
-51486
-110804
-191733
-211716
150481
0
10
168
1498
9423
46924
196921
724360
0
10
124
847
4216
17089
59839
187732
540878
1456673
3715630
9065548
0
3
69
809
6486
40140
0
2
26
177
847
3259
11080
35984
117508
0
14
92
365
1132
3016
7232
16038
33481
66595
127224
234547
417995
719217
1189400
1873325
2761728
3674551
0
-3
-13
-7
152
912
3424
10285
26941
64393
144572
311259
652423
1345513
2747566
5570491
11214945
0
3
62
0
4
66
589
3759
19156
82617
312487
1061787
0
1
12
93
577
3000
13367
52134
181523
573812
1669688
4523055
0
15
81
257
625
1290
2390
4144
6991
11896
20900
37930
69703
126222
220017
363621
567792
853461
1318410
0
3
54
505
3290
16836
72229
270537
909256
2796253
0
-3
-19
-45
51
879
4307
14907
42360
105431
239340
511771
1060660
2182906
0
-4
-50
-340
-1674
-6693
-23071
-70981
-199051
-515387
-1241544
0
10
107
629
2693
9409
28530
78010
197351
470210
1068296
2334409
4936005
10145334
0
-2
-4
19
150
581
1681
4115
9176
19826
43672
100576
240496
582871
1400238
3291435
7534442
0
4
76
751
0
15
160
934
3963
13713
41192
111683
280555
665058
1507425
3298978
7022999
14628959
0
7
136
1395
0
2
36
317
1889
8713
33473
112164
338463
941760
2461066
0
6
132
0
9
48
168
488
1267
3035
6835
14684
30461
61592
122144
238277
457451
863392
1599792
2907831
5188435
9117323
0
-4
-41
-226
-879
-2660
-6486
-12543
-16784
-1565
86106
381012
1193800
0
5
92
885
5939
31279
137864
529500
0
7
93
663
3382
13883
48889
153700
443099
1193501
3043988
7422437
0
10
182
1761
12039
65219
0
10
0
-2
-18
-43
364
4574
29518
143057
579492
0
2
49
0
9
141
1174
6918
32436
129064
454166
0
10
140
1058
5733
24979
93076
308110
929477
2601486
0
15
239
2026
12150
57852
232780
822803
0
9
101
624
2807
10283
32580
92680
242803
596589
1393632
3127331
6796094
14394991
0
-5
-40
-177
-559
-1370
-2640
-3684
-1841
10032
48237
146781
373141
858161
1854623
3855318
7836365
0
7
141
1504
11290
0
9
189
0
2
28
213
1170
5212
20067
69486
222132
666974
1902015
0
4
51
357
1822
7592
27397
88626
262583
722688
1865815
4551498
10550095
0
9
145
1237
7437
35386
141904
498905
1580064
0
13
72
240
627
1427
2992
5972
11584
22147
42156
80385
153811
294528
561316
1058494
1967416
3604100
6538693
0
2
0
2
37
343
2176
10734
44104
157498
503051
1467057
3967870
0
-2
-31
-253
-1442
-6426
-23754
-75327
-208412
0
-3
-26
-106
-194
483
5861
30551
119931
398501
1176800
3171672
7933602
0
5
38
170
579
1648
4113
9301
19614
39752
80010
164877
354071
790669
1804796
4126008
9301478
0
9
125
926
4865
20349
72172
225924
642116
1693401
0
-1
4
76
461
1876
6035
16496
39883
87524
177694
339365
620644
1111344
2005191
3766801
0
10
203
2170
0
9
154
1405
9095
46919
205460
0
12
146
972
4695
18409
62173
187495
517118
1326785
3207668
7381463
16302334
0
-3
-20
-79
-238
-592
-1246
-2188
-2929
-1680
6274
31430
94615
233728
513543
1041076
1994235
3685465
6716153
0
5
71
534
2832
11889
42037
130032
360819
913847
2138912
0
12
120
667
2732
9236
27399
74106
187517
451876
1049510
2367080
5206468
11190942
0
2
27
188
884
3069
7943
13743
0
-5
-47
-225
-687
-1241
285
13003
65618
235437
710387
1916160
4772346
0
-4
-61
-494
-2826
-12820
-49099
-165096
-500639
-1396198
0
7
104
830
4732
21624
84253
290716
910994
2638408
0
-2
-11
-25
9
338
1843
7334
25119
78152
225937
613940
1579610
3870891
9083197
0
12
171
1301
7015
30055
108851
346441
995126
2630473
6494666
0
1
10
56
241
888
2913
8646
23478
58976
138610
308203
655060
1343232
2679015
5233352
10071238
0
-3
-30
-142
-346
175
6306
37584
158075
553355
1717593
0
14
182
1271
6323
25094
84425
250068
669358
1651203
3815164
0
9
42
118
271
593
1337
3129
7385
17134
38677
84997
182849
387570
814007
1700819
3543095
7363040
15256457
0
15
133
663
2449
7465
19854
47643
105520
219496
435468
836606
1580842
2982476
5685916
0
2
34
319
2210
12678
0
1
23
0
-2
-34
0
4
26
106
358
1090
3063
7994
19452
44345
95278
194285
379093
714840
1318499
2413167
4451000
8389491
0
8
158
1640
11905
67866
0
3
43
319
1650
6730
23161
70194
192958
491590
1179866
2702344
5968563
0
5
50
269
1050
3343
9214
22756
51462
108099
212915
395508
694658
1152671
1798495
2612523
3470484
0
1
28
381
3461
0
4
76
760
5317
29205
0
5
81
693
4156
19578
77032
0
-2
-18
-66
-7
1372
9853
46604
177349
583536
1723211
4673660
0
7
124
1164
7692
40128
175800
672178
0
11
85
381
1303
3782
9840
23695
53885
117275
246470
503261
1002622
1955290
3744277
7067273
13215778
0
8
119
954
5478
25277
99729
349641
1117726
0
12
139
873
3943
14355
44821
124807
318370
758515
1712131
3700558
7719901
0
15
137
710
2760
8975
25811
67790
165901
383521
846156
1797298
3705939
7481238
14917155
0
14
228
1983
12233
60011
248975
907675
0
15
280
2762
19141
104567
0
-1
-8
-26
-39
37
432
1638
4599
11112
24838
53913
117394
260336
587567
1337176
3037676
6841197
0
1
21
199
1251
6059
24426
85862
271437
788935
2143440
5513715
0
-2
-9
2
199
1265
5357
18302
54179
144255
353768
813468
1781388
3772000
7842648
0
1
10
51
184
604
2313
10429
46824
190620
692788
0
6
118
1228
8981
51761
0
-4
-39
-196
-641
-1326
-530
10094
59606
233965
763095
2220980
5969490
0
-2
-37
-361
-2467
-13245
-59456
-232039
0
8
157
1634
11988
0
14
292
0
11
68
246
675
1555
3181
6012
10866
19399
35121
65290
124068
237296
449220
831904
1500402
2645447
4622130
0
10
159
1351
8160
39330
161023
582105
0
-4
-78
-802
0
7
153
0
9
157
1456
9529
49325
214699
816257
0
11
202
1967
13485
72967
331434
0
13
285
0
-5
-46
-207
-517
-116
6141
38514
162286
562504
1717193
4775606
0
11
177
1519
9237
44631
182236
653325
0
10
219
0
-4
-29
-86
1
1301
7844
31832
105600
307358
813960
2004876
4660204
10326539
0
11
184
1645
10440
52732
225416
847207
0
-4
-74
-727
-5026
-27344
0
3
55
520
0
-3
-51
-453
-2782
-13179
-50839
0
10
213
2377
0
14
309
0
11
176
1509
9192
44547
182514
656464
2126454
0
15
199
1416
7172
28974
99241
299291
815256
2042995
4776232
0
3
23
103
347
971
2384
5334
11226
22894
46477
95762
201715
432610
935828
2024855
4362690
9353357
0
5
39
184
692
2285
6896
19386
51327
128973
309349
711398
1573969
3360147
6939982
13905118
0
-2
-19
-98
-358
-1000
-2061
-2065
7056
55971
242869
849082
2617371
0
5
75
599
3392
15295
58454
196757
598437
1674683
0
-5
-73
-534
-2497
-7462
-7385
0
4
53
374
1881
7598
26297
81157
229322
604367
1505900
3585101
8224939
0
5
90
855
5705
30030
132823
513558
0
15
90
313
837
1946
4239
9065
19431
41747
89030
186740
383720
773803
1540697
3053914
6074318
12187744
0
6
61
337
1357
4483
12930
33777
81782
186313
403427
836110
1666995
3209680
5987764
10857346
0
11
204
2009
13956
76669
0
-5
-63
-423
-2002
-7438
-22818
-58929
-126706
-210457
-176726
0
15
273
2620
17641
93582
0
2
49
0
2
27
199
1052
4457
16076
51259
148199
395621
988511
2336675
5271728
11437267
0
15
229
1860
10672
48492
185601
621945
1873960
0
4
22
77
228
635
1731
4648
12200
31015
75952
178997
406955
896599
1924862
4049814
8394385
17215338
0
-3
0
53
269
885
2363
5580
12161
24998
48951
91653
164322
282765
469911
764416
1247497
2116733
3869724
0
3
48
399
2317
10627
41193
140844
437315
1258732
3408766
0
14
169
1105
5192
19635
63496
182241
475950
1151338
2614122
5628612
0
6
68
432
2027
7823
26266
79362
220699
574043
1413652
3328165
7550921
16621003
0
-1
-8
-26
-21
210
1350
5181
15687
40923
96224
210123
436382
880493
1760677
3550407
1834108701
